0 0.017344
1 0.08512
2 0.068096
3 0.08512
4 0.076608
5 0.04256
6 0.12768
7 0.068096
8 0.08512
9 0.068096
10 0.04256
11 0.076608
12 0.034048
13 0.04256
14 0.04256
15 0.034048
16 0.051072
17 0.04256
18 0.034048
19 0.102144
20 0.110656
21 0.119168
22 0.025536
23 0.04256
24 0.068096
25 0.034048
26 0.059584
27 0.068096
28 0.051072
29 0.12768
30 0.119168
31 0.12768
32 0.093632
33 0.017024
34 0.008512
35 0.04256
36 0.008512
37 0.008512
38 0.04256
39 0.04256
40 0.04256
41 0.059584
42 0.034048
43 0.04256
44 0.051072
45 0.034048
46 0.04256
47 0.025536
48 0.04256
49 0.017024
50 0.008512
51 0.025536
52 0.025536
53 0.017024
54 0
55 0
56 0
57 0
58 0.008512
59 0.04256
