0 0.017344
1 0.102144
2 0.110656
3 0.051072
4 0.12768
5 0.04256
6 0.08512
7 0.051072
8 0.08512
9 0.04256
10 0.059584
11 0.034048
12 0.08512
13 0.04256
14 0.076608
15 0.076608
16 0.04256
17 0.076608
18 0.04256
19 0.034048
20 0.08512
21 0.076608
22 0.04256
23 0.076608
24 0.04256
25 0.076608
26 0.04256
27 0.076608
28 0.093632
29 0.059584
30 0.110656
31 0.051072
32 0.076608
33 0.110656
34 0.059584
35 0.08512
36 0.051072
37 0.017024
38 0.034048
39 0.059584
40 0.093632
41 0.059584
42 0.119168
43 0.034048
44 0.04256
45 0.025536
46 0.025536
47 0.04256
48 0.034048
49 0.08512
50 0.068096
51 0.04256
52 0.076608
53 0.04256
54 0.076608
55 0.04256
56 0.034048
57 0.08512
58 0.110656
59 0.144704
