0 0.017344
1 0.102144
2 0.102144
3 0.051072
4 0.12768
5 0.059584
6 0.110656
7 0.034048
8 0.068096
9 0.025536
10 0.08512
11 0.04256
12 0.093632
13 0.093632
14 0.017024
15 0.059584
16 0.08512
17 0.04256
18 0.076608
19 0.04256
20 0.034048
21 0.08512
22 0.110656
23 0.12768
24 0.059584
25 0.102144
26 0.04256
27 0.04256
28 0.076608
29 0.110656
30 0.204288
31 0.110656
32 0.051072
33 0.076608
34 0.025536
35 0.017024
36 0.034048
37 0.025536
38 0.059584
39 0.051072
40 0.034048
41 0.034048
42 0.068096
43 0.034048
44 0.059584
45 0.093632
46 0.119168
47 0.12768
48 0.025536
49 0.068096
50 0.093632
51 0.076608
52 0.025536
53 0.076608
54 0.051072
55 0.051072
56 0.034048
57 0.025536
58 0.051072
59 0.034048
