0 0.017344
1 0.102144
2 0.102144
3 0.051072
4 0.12768
5 0.068096
6 0.093632
7 0.076608
8 0.110656
9 0.144704
10 0.08512
11 0.153216
12 0.076608
13 0.110656
14 0.119168
15 0.051072
16 0.076608
17 0.093632
18 0.04256
19 0.025536
20 0.025536
21 0.051072
22 0.051072
23 0.034048
24 0.04256
25 0.04256
26 0.04256
27 0.076608
28 0.102144
29 0.059584
30 0.059584
31 0.068096
32 0.04256
33 0.034048
34 0.051072
35 0.034048
36 0.051072
37 0.04256
38 0.034048
39 0.059584
40 0.068096
41 0.034048
42 0.04256
43 0.076608
44 0.110656
45 0.12768
46 0.161728
47 0.161728
48 0.051072
49 0.153216
50 0.068096
51 0.161728
52 0.178752
53 0.034048
54 0.102144
55 0.034048
56 0.025536
57 0.076608
58 0.08512
59 0.068096
