0 0.017344
1 0.102144
2 0.102144
3 0.051072
4 0.12768
5 0.059584
6 0.102144
7 0.068096
8 0.034048
9 0.034048
10 0.059584
11 0.04256
12 0.17024
13 0.136192
14 0.093632
15 0.051072
16 0.04256
17 0.110656
18 0.144704
19 0.119168
20 0.051072
21 0.093632
22 0.12768
23 0.153216
24 0.051072
25 0.04256
26 0.093632
27 0.102144
28 0.034048
29 0.059584
30 0.076608
31 0.04256
32 0.017024
33 0.059584
34 0.093632
35 0.110656
36 0.04256
37 0.059584
38 0.076608
39 0.04256
40 0.04256
41 0.076608
42 0.051072
43 0.119168
44 0.136192
45 0.051072
46 0.068096
47 0.059584
48 0.034048
49 0.051072
50 0.034048
51 0.04256
52 0.059584
53 0.093632
54 0.059584
55 0.12768
56 0.161728
57 0.195776
58 0.221312
59 0.144704
